7.399218750000000000e+01
1.114062500000000000e+02
7.307031250000000000e+01
1.268437500000000000e+02
7.214843750000000000e+01
1.446562500000000000e+02
7.307031250000000000e+01
1.648437500000000000e+02
7.491406250000000000e+01
1.814687500000000000e+02
8.228906250000000000e+01
1.969062500000000000e+02
9.150781250000000000e+01
2.111562500000000000e+02
1.025703125000000000e+02
2.218437500000000000e+02
1.163984375000000000e+02
2.230312500000000000e+02
1.320703125000000000e+02
2.230312500000000000e+02
1.458984375000000000e+02
2.194687500000000000e+02
1.588046875000000000e+02
2.099687500000000000e+02
1.689453125000000000e+02
1.992812500000000000e+02
1.763203125000000000e+02
1.838437500000000000e+02
1.818515625000000000e+02
1.660312500000000000e+02
1.827734375000000000e+02
1.470312500000000000e+02
1.827734375000000000e+02
1.280312500000000000e+02
8.228906250000000000e+01
9.953125000000000000e+01
9.058593750000000000e+01
9.656250000000000000e+01
1.011875000000000000e+02
9.775000000000000000e+01
1.104062500000000000e+02
1.001250000000000000e+02
1.191640625000000000e+02
1.025000000000000000e+02
1.412890625000000000e+02
1.072500000000000000e+02
1.509687500000000000e+02
1.060625000000000000e+02
1.615703125000000000e+02
1.060625000000000000e+02
1.707890625000000000e+02
1.078437500000000000e+02
1.790859375000000000e+02
1.137812500000000000e+02
1.293046875000000000e+02
1.197187500000000000e+02
1.274609375000000000e+02
1.304062500000000000e+02
1.265390625000000000e+02
1.410937500000000000e+02
1.256171875000000000e+02
1.505937500000000000e+02
1.099453125000000000e+02
1.589062500000000000e+02
1.173203125000000000e+02
1.600937500000000000e+02
1.246953125000000000e+02
1.624687500000000000e+02
1.311484375000000000e+02
1.624687500000000000e+02
1.385234375000000000e+02
1.624687500000000000e+02
8.966406250000000000e+01
1.161562500000000000e+02
9.519531250000000000e+01
1.161562500000000000e+02
1.062578125000000000e+02
1.161562500000000000e+02
1.117890625000000000e+02
1.209062500000000000e+02
1.053359375000000000e+02
1.209062500000000000e+02
9.519531250000000000e+01
1.185312500000000000e+02
1.449765625000000000e+02
1.244687500000000000e+02
1.514296875000000000e+02
1.232812500000000000e+02
1.624921875000000000e+02
1.256562500000000000e+02
1.680234375000000000e+02
1.280312500000000000e+02
1.634140625000000000e+02
1.268437500000000000e+02
1.514296875000000000e+02
1.256562500000000000e+02
9.703906250000000000e+01
1.814687500000000000e+02
1.071796875000000000e+02
1.779062500000000000e+02
1.182421875000000000e+02
1.767187500000000000e+02
1.219296875000000000e+02
1.767187500000000000e+02
1.256171875000000000e+02
1.767187500000000000e+02
1.357578125000000000e+02
1.802812500000000000e+02
1.449765625000000000e+02
1.862187500000000000e+02
1.366796875000000000e+02
1.897812500000000000e+02
1.283828125000000000e+02
1.933437500000000000e+02
1.200859375000000000e+02
1.945312500000000000e+02
1.117890625000000000e+02
1.921562500000000000e+02
1.044140625000000000e+02
1.874062500000000000e+02
9.796093750000000000e+01
1.814687500000000000e+02
1.099453125000000000e+02
1.814687500000000000e+02
1.210078125000000000e+02
1.838437500000000000e+02
1.320703125000000000e+02
1.838437500000000000e+02
1.431328125000000000e+02
1.862187500000000000e+02
1.320703125000000000e+02
1.850312500000000000e+02
1.210078125000000000e+02
1.838437500000000000e+02
1.099453125000000000e+02
1.814687500000000000e+02
