7.810156250000000000e+01
1.221523437500000000e+02
7.699218750000000000e+01
1.419570312500000000e+02
7.699218750000000000e+01
1.591210937500000000e+02
7.810156250000000000e+01
1.776054687500000000e+02
8.032031250000000000e+01
1.947695312500000000e+02
8.586718750000000000e+01
2.092929687500000000e+02
9.585156250000000000e+01
2.224960937500000000e+02
1.080546875000000000e+02
2.330585937500000000e+02
1.224765625000000000e+02
2.356992187500000000e+02
1.424453125000000000e+02
2.356992187500000000e+02
1.624140625000000000e+02
2.317382812500000000e+02
1.801640625000000000e+02
2.238164062500000000e+02
1.945859375000000000e+02
2.106132812500000000e+02
2.045703125000000000e+02
1.934492187500000000e+02
2.101171875000000000e+02
1.696835937500000000e+02
2.101171875000000000e+02
1.472382812500000000e+02
2.101171875000000000e+02
1.234726562500000000e+02
7.921093750000000000e+01
1.049882812500000000e+02
8.420312500000000000e+01
9.838671875000000000e+01
9.252343750000000000e+01
9.508593750000000000e+01
1.002890625000000000e+02
9.508593750000000000e+01
1.091640625000000000e+02
9.640625000000000000e+01
1.402265625000000000e+02
8.914453125000000000e+01
1.524296875000000000e+02
8.716406250000000000e+01
1.646328125000000000e+02
8.782421875000000000e+01
1.762812500000000000e+02
9.046484375000000000e+01
1.868203125000000000e+02
1.010273437500000000e+02
1.191484375000000000e+02
1.208320312500000000e+02
1.169296875000000000e+02
1.313945312500000000e+02
1.158203125000000000e+02
1.432773437500000000e+02
1.147109375000000000e+02
1.551601562500000000e+02
1.036171875000000000e+02
1.644023437500000000e+02
1.102734375000000000e+02
1.670429687500000000e+02
1.169296875000000000e+02
1.683632812500000000e+02
1.269140625000000000e+02
1.657226562500000000e+02
1.368984375000000000e+02
1.644023437500000000e+02
8.586718750000000000e+01
1.247929687500000000e+02
8.919531250000000000e+01
1.208320312500000000e+02
1.036171875000000000e+02
1.181914062500000000e+02
1.102734375000000000e+02
1.234726562500000000e+02
1.025078125000000000e+02
1.274335937500000000e+02
9.030468750000000000e+01
1.274335937500000000e+02
1.446640625000000000e+02
1.195117187500000000e+02
1.524296875000000000e+02
1.142304687500000000e+02
1.679609375000000000e+02
1.142304687500000000e+02
1.746171875000000000e+02
1.195117187500000000e+02
1.679609375000000000e+02
1.221523437500000000e+02
1.524296875000000000e+02
1.221523437500000000e+02
9.807031250000000000e+01
1.908085937500000000e+02
1.036171875000000000e+02
1.828867187500000000e+02
1.124921875000000000e+02
1.802460937500000000e+02
1.169296875000000000e+02
1.802460937500000000e+02
1.213671875000000000e+02
1.802460937500000000e+02
1.380078125000000000e+02
1.828867187500000000e+02
1.535390625000000000e+02
1.894882812500000000e+02
1.424453125000000000e+02
1.947695312500000000e+02
1.313515625000000000e+02
1.987304687500000000e+02
1.202578125000000000e+02
2.013710937500000000e+02
1.113828125000000000e+02
2.000507812500000000e+02
1.047265625000000000e+02
1.960898437500000000e+02
9.917968750000000000e+01
1.908085937500000000e+02
1.091640625000000000e+02
1.894882812500000000e+02
1.180390625000000000e+02
1.881679687500000000e+02
1.346796875000000000e+02
1.881679687500000000e+02
1.513203125000000000e+02
1.894882812500000000e+02
1.346796875000000000e+02
1.881679687500000000e+02
1.191484375000000000e+02
1.894882812500000000e+02
1.091640625000000000e+02
1.894882812500000000e+02
