7.133593750000000000e+01
1.362929687500000000e+02
7.228906250000000000e+01
1.542226562500000000e+02
7.419531250000000000e+01
1.697617187500000000e+02
7.991406250000000000e+01
1.841054687500000000e+02
8.753906250000000000e+01
1.960585937500000000e+02
9.802343750000000000e+01
2.032304687500000000e+02
1.094609375000000000e+02
2.068164062500000000e+02
1.218515625000000000e+02
2.080117187500000000e+02
1.342421875000000000e+02
2.080117187500000000e+02
1.466328125000000000e+02
2.068164062500000000e+02
1.590234375000000000e+02
2.032304687500000000e+02
1.704609375000000000e+02
1.960585937500000000e+02
1.799921875000000000e+02
1.864960937500000000e+02
1.866640625000000000e+02
1.709570312500000000e+02
1.866640625000000000e+02
1.530273437500000000e+02
1.866640625000000000e+02
1.374882812500000000e+02
1.866640625000000000e+02
1.207539062500000000e+02
7.610156250000000000e+01
1.159726562500000000e+02
8.325000000000000000e+01
1.082031250000000000e+02
9.182812500000000000e+01
1.052148437500000000e+02
1.013593750000000000e+02
1.034218750000000000e+02
1.099375000000000000e+02
1.034218750000000000e+02
1.390078125000000000e+02
9.983593750000000000e+01
1.485390625000000000e+02
9.804296875000000000e+01
1.590234375000000000e+02
9.744531250000000000e+01
1.680781250000000000e+02
9.864062500000000000e+01
1.761796875000000000e+02
1.040195312500000000e+02
1.256640625000000000e+02
1.183632812500000000e+02
1.266171875000000000e+02
1.255351562500000000e+02
1.275703125000000000e+02
1.327070312500000000e+02
1.275703125000000000e+02
1.410742187500000000e+02
1.161328125000000000e+02
1.530273437500000000e+02
1.218515625000000000e+02
1.530273437500000000e+02
1.294765625000000000e+02
1.530273437500000000e+02
1.371015625000000000e+02
1.506367187500000000e+02
1.437734375000000000e+02
1.506367187500000000e+02
8.658593750000000000e+01
1.291210937500000000e+02
9.135156250000000000e+01
1.243398437500000000e+02
1.046953125000000000e+02
1.207539062500000000e+02
1.104140625000000000e+02
1.243398437500000000e+02
1.046953125000000000e+02
1.279257812500000000e+02
9.230468750000000000e+01
1.315117187500000000e+02
1.437734375000000000e+02
1.207539062500000000e+02
1.485390625000000000e+02
1.159726562500000000e+02
1.637890625000000000e+02
1.159726562500000000e+02
1.695078125000000000e+02
1.195585937500000000e+02
1.637890625000000000e+02
1.231445312500000000e+02
1.504453125000000000e+02
1.231445312500000000e+02
1.085078125000000000e+02
1.757382812500000000e+02
1.161328125000000000e+02
1.673710937500000000e+02
1.266171875000000000e+02
1.613945312500000000e+02
1.304296875000000000e+02
1.601992187500000000e+02
1.342421875000000000e+02
1.601992187500000000e+02
1.456796875000000000e+02
1.625898437500000000e+02
1.552109375000000000e+02
1.697617187500000000e+02
1.485390625000000000e+02
1.745429687500000000e+02
1.409140625000000000e+02
1.781289062500000000e+02
1.323359375000000000e+02
1.793242187500000000e+02
1.237578125000000000e+02
1.793242187500000000e+02
1.161328125000000000e+02
1.781289062500000000e+02
1.104140625000000000e+02
1.745429687500000000e+02
1.199453125000000000e+02
1.709570312500000000e+02
1.313828125000000000e+02
1.685664062500000000e+02
1.428203125000000000e+02
1.673710937500000000e+02
1.542578125000000000e+02
1.697617187500000000e+02
1.428203125000000000e+02
1.685664062500000000e+02
1.313828125000000000e+02
1.685664062500000000e+02
1.199453125000000000e+02
1.709570312500000000e+02
